    A    B    C    D    E    F    G    H    
 A  0    42   25   53   48   92   137  2    
 B  42   0    145  134  200  37   232  5    
 C  25   145  0    26   172  6    6    9    
 D  53   134  26   0    14   52   79   18   
 E  48   200  172  14   0    110  56   84   
 F  92   37   6    52   110  0    18   77   
 G  137  232  6    79   56   18   0    71   
 H  2    5    9    18   84   77   71   0    
