    A    B    C    D    E    F    G    H    I    J    K    L    M    N    O    P    Q    R    S    T    U    V    W    X    Y    Z    AA   AB   AC   AD   AE   AF   AG   AH   AI   AJ   AK   AL   AM   AN   AO   AP   AQ   AR   AS   AT   AU   AV   
 A  0    156  32   53   166  84   18   138  55   48   45   104  14   127  117  162  87   12   151  9    95   10   89   85   228  113  31   267  18   42   289  24   22   14   12   331  64   76   43   3    38   84   111  146  139  71   51   171  
 B  156  0    60   104  43   142  375  178  67   51   12   43   20   140  25   5    22   34   7    28   53   262  27   37   33   197  9    177  112  59   12   11   53   19   182  546  40   142  31   52   36   174  28   93   3    62   164  49   
 C  32   60   0    73   22   69   307  36   11   40   40   20   34   23   481  3    220  1    35   68   283  2    173  69   8    200  43   35   72   170  127  114  222  228  264  34   40   12   20   111  174  13   114  90   71   90   43   70   
 D  53   104  73   0    71   87   41   70   332  66   56   3    76   6    27   116  46   58   146  139  17   141  98   244  220  130  104  68   244  128  35   59   159  108  201  79   83   43   81   162  18   113  23   23   194  84   273  189  
 E  166  43   22   71   0    43   68   60   136  29   207  9    1    12   11   22   163  87   61   187  248  52   43   111  152  113  7    93   41   105  243  354  42   47   109  82   356  122  28   56   59   3    103  128  330  397  135  71   
 F  84   142  69   87   43   0    12   352  93   14   36   88   148  31   147  1    77   15   15   87   325  15   106  6    41   14   264  21   53   134  309  274  189  16   52   12   153  214  6    338  85   561  2    304  223  15   147  62   
 G  18   375  307  41   68   12   0    84   107  15   16   191  39   31   133  100  108  7    16   9    82   12   179  98   60   86   38   78   124  123  4    114  51   26   219  3    36   61   46   81   322  118  114  139  62   160  13   95   
 H  138  178  36   70   60   352  84   0    42   241  59   70   104  290  90   52   11   51   43   165  65   388  120  184  101  109  52   3    176  110  19   118  60   46   71   656  5    74   49   50   130  87   11   79   280  53   27   480  
 I  55   67   11   332  136  93   107  42   0    76   66   119  295  46   267  133  8    20   4    19   205  32   60   131  9    17   79   18   123  36   165  60   102  10   120  131  819  220  54   58   143  71   169  76   42   99   189  101  
 J  48   51   40   66   29   14   15   241  76   0    436  24   208  22   51   18   208  9    206  85   40   205  58   39   73   90   127  125  38   44   4    33   33   58   441  13   165  156  27   68   93   59   464  6    45   34   12   312  
 K  45   12   40   56   207  36   16   59   66   436  0    1    142  37   72   24   30   37   15   28   101  48   35   27   78   35   37   216  418  85   119  58   482  408  153  75   74   97   20   116  165  40   141  409  142  421  15   94   
 L  104  43   20   3    9    88   191  70   119  24   1    0    248  64   4    2    331  109  120  32   34   7    53   5    64   29   217  234  193  253  254  3    271  237  183  126  15   122  285  116  157  170  14   40   523  17   135  103  
 M  14   20   34   76   1    148  39   104  295  208  142  248  0    153  16   19   37   51   220  65   14   24   81   95   86   212  70   41   51   48   70   31   189  170  27   201  364  130  120  139  2    184  5    36   1    104  69   129  
 N  127  140  23   6    12   31   31   290  46   22   37   64   153  0    55   161  68   17   87   28   69   45   36   123  6    43   25   49   107  11   50   37   20   105  23   115  23   208  12   70   487  22   75   64   127  31   1    30   
 O  117  25   481  27   11   147  133  90   267  51   72   4    16   55   0    79   151  27   46   256  37   32   99   136  25   24   23   8    256  33   38   218  24   189  66   141  109  65   77   19   27   81   113  26   6    287  45   25   
 P  162  5    3    116  22   1    100  52   133  18   24   2    19   161  79   0    42   87   19   111  38   119  14   5    130  1    244  50   15   9    60   156  124  30   50   22   159  167  105  144  7    72   119  63   43   62   27   394  
 Q  87   22   220  46   163  77   108  11   8    208  30   331  37   68   151  42   0    96   29   54   89   29   36   500  141  14   39   19   125  133  57   2    15   60   13   262  49   245  371  22   47   82   85   33   82   21   51   204  
 R  12   34   1    58   87   15   7    51   20   9    37   109  51   17   27   87   96   0    9    195  110  7    303  64   81   185  55   89   154  55   157  38   9    34   80   54   118  267  244  111  258  136  102  308  102  49   86   17   
 S  151  7    35   146  61   15   16   43   4    206  15   120  220  87   46   19   29   9    0    19   27   208  15   48   453  194  135  38   157  65   27   299  60   86   74   179  178  115  48   425  506  6    30   133  114  225  237  161  
 T  9    28   68   139  187  87   9    165  19   85   28   32   65   28   256  111  54   195  19   0    72   2    39   136  23   100  98   166  265  37   167  171  113  7    37   209  26   7    702  3    102  59   24   37   22   10   97   87   
 U  95   53   283  17   248  325  82   65   205  40   101  34   14   69   37   38   89   110  27   72   0    53   57   84   8    84   109  622  50   52   76   21   250  44   82   158  44   167  31   269  9    24   12   124  7    34   109  12   
 V  10   262  2    141  52   15   12   388  32   205  48   7    24   45   32   119  29   7    208  2    53   0    14   15   192  21   128  68   170  89   183  3    3    102  442  37   134  18   136  539  146  5    278  122  317  39   24   220  
 W  89   27   173  98   43   106  179  120  60   58   35   53   81   36   99   14   36   303  15   39   57   14   0    45   94   93   178  123  6    320  258  69   68   172  9    10   26   317  126  115  75   42   72   196  23   47   93   4    
 X  85   37   69   244  111  6    98   184  131  39   27   5    95   123  136  5    500  64   48   136  84   15   45   0    111  36   191  51   40   33   48   3    79   124  89   173  3    91   318  152  78   64   96   40   167  48   42   20   
 Y  228  33   8    220  152  41   60   101  9    73   78   64   86   6    25   130  141  81   453  23   8    192  94   111  0    137  14   179  100  78   5    26   4    94   71   3    13   182  5    164  144  59   32   95   9    235  33   6    
 Z  113  197  200  130  113  14   86   109  17   90   35   29   212  43   24   1    14   185  194  100  84   21   93   36   137  0    83   84   31   69   11   23   16   14   95   12   5    19   373  139  7    65   76   41   235  17   57   26   
AA  31   9    43   104  7    264  38   52   79   127  37   217  70   25   23   244  39   55   135  98   109  128  178  191  14   83   0    3    4    22   106  9    22   206  55   52   14   2    308  68   216  296  100  75   79   44   2    147  
AB  267  177  35   68   93   21   78   3    18   125  216  234  41   49   8    50   19   89   38   166  622  68   123  51   179  84   3    0    178  66   18   67   28   46   125  53   12   48   70   22   154  93   368  26   226  56   90   3    
AC  18   112  72   244  41   53   124  176  123  38   418  193  51   107  256  15   125  154  157  265  50   170  6    40   100  31   4    178  0    327  56   4    54   338  166  19   52   415  38   5    14   55   60   807  140  117  61   155  
AD  42   59   170  128  105  134  123  110  36   44   85   253  48   11   33   9    133  55   65   37   52   89   320  33   78   69   22   66   327  0    102  153  15   68   151  303  40   306  5    21   21   180  3    180  337  187  48   69   
AE  289  12   127  35   243  309  4    19   165  4    119  254  70   50   38   60   57   157  27   167  76   183  258  48   5    11   106  18   56   102  0    299  119  65   19   154  14   71   1    2    387  19   44   50   168  18   99   19   
AF  24   11   114  59   354  274  114  118  60   33   58   3    31   37   218  156  2    38   299  171  21   3    69   3    26   23   9    67   4    153  299  0    48   20   120  4    65   95   31   78   145  51   15   41   225  155  120  150  
AG  22   53   222  159  42   189  51   60   102  33   482  271  189  20   24   124  15   9    60   113  250  3    68   79   4    16   22   28   54   15   119  48   0    97   5    193  72   14   15   18   28   18   82   182  1    152  292  82   
AH  14   19   228  108  47   16   26   46   10   58   408  237  170  105  189  30   60   34   86   7    44   102  172  124  94   14   206  46   338  68   65   20   97   0    53   73   82   54   26   2    29   77   32   87   33   1    8    94   
AI  12   182  264  201  109  52   219  71   120  441  153  183  27   23   66   50   13   80   74   37   82   442  9    89   71   95   55   125  166  151  19   120  5    53   0    71   20   195  139  21   27   30   42   39   112  202  76   20   
AJ  331  546  34   79   82   12   3    656  131  13   75   126  201  115  141  22   262  54   179  209  158  37   10   173  3    12   52   53   19   303  154  4    193  73   71   0    141  12   13   41   66   130  248  156  44   136  82   98   
AK  64   40   40   83   356  153  36   5    819  165  74   15   364  23   109  159  49   118  178  26   44   134  26   3    13   5    14   12   52   40   14   65   72   82   20   141  0    8    42   458  14   93   13   145  53   240  201  38   
AL  76   142  12   43   122  214  61   74   220  156  97   122  130  208  65   167  245  267  115  7    167  18   317  91   182  19   2    48   415  306  71   95   14   54   195  12   8    0    295  77   102  118  17   59   3    67   319  154  
AM  43   31   20   81   28   6    46   49   54   27   20   285  120  12   77   105  371  244  48   702  31   136  126  318  5    373  308  70   38   5    1    31   15   26   139  13   42   295  0    110  61   85   4    6    24   62   185  249  
AN  3    52   111  162  56   338  81   50   58   68   116  116  139  70   19   144  22   111  425  3    269  539  115  152  164  139  68   22   5    21   2    78   18   2    21   41   458  77   110  0    42   61   4    36   253  136  117  178  
AO  38   36   174  18   59   85   322  130  143  93   165  157  2    487  27   7    47   258  506  102  9    146  75   78   144  7    216  154  14   21   387  145  28   29   27   66   14   102  61   42   0    74   72   84   31   32   49   39   
AP  84   174  13   113  3    561  118  87   71   59   40   170  184  22   81   72   82   136  6    59   24   5    42   64   59   65   296  93   55   180  19   51   18   77   30   130  93   118  85   61   74   0    84   160  373  223  20   3    
AQ  111  28   114  23   103  2    114  11   169  464  141  14   5    75   113  119  85   102  30   24   12   278  72   96   32   76   100  368  60   3    44   15   82   32   42   248  13   17   4    4    72   84   0    155  123  182  21   143  
AR  146  93   90   23   128  304  139  79   76   6    409  40   36   64   26   63   33   308  133  37   124  122  196  40   95   41   75   26   807  180  50   41   182  87   39   156  145  59   6    36   84   160  155  0    85   32   167  251  
AS  139  3    71   194  330  223  62   280  42   45   142  523  1    127  6    43   82   102  114  22   7    317  23   167  9    235  79   226  140  337  168  225  1    33   112  44   53   3    24   253  31   373  123  85   0    132  152  12   
AT  71   62   90   84   397  15   160  53   99   34   421  17   104  31   287  62   21   49   225  10   34   39   47   48   235  17   44   56   117  187  18   155  152  1    202  136  240  67   62   136  32   223  182  32   132  0    93   211  
AU  51   164  43   273  135  147  13   27   189  12   15   135  69   1    45   27   51   86   237  97   109  24   93   42   33   57   2    90   61   48   99   120  292  8    76   82   201  319  185  117  49   20   21   167  152  93   0    20   
AV  171  49   70   189  71   62   95   480  101  312  94   103  129  30   25   394  204  17   161  87   12   220  4    20   6    26   147  3    155  69   19   150  82   94   20   98   38   154  249  178  39   3    143  251  12   211  20   0    
